[gd_scene load_steps=4 format=2]

[ext_resource path="res://cover/cover-ui/cover-ui.tscn" type="PackedScene" id=1]
[ext_resource path="res://spaceship/craft_speederC.tscn" type="PackedScene" id=2]

[sub_resource type="Environment" id=1]
background_mode = 1
background_color = Color( 0.109804, 0.0745098, 0, 1 )

[node name="Cover" type="Spatial"]

[node name="WorldEnvironment" type="WorldEnvironment" parent="."]
environment = SubResource( 1 )

[node name="Camera" type="Camera" parent="."]
transform = Transform( 1, 0, 0, 0, 1, 0, 0, 0, 1, 0, 5, 0 )
current = true
size = 20.0

[node name="craft_speederC" parent="." instance=ExtResource( 2 )]
transform = Transform( -1, 0, -8.74228e-08, 0, 1, 0, 8.74228e-08, 0, -1, 0, 4, -3 )

[node name="craft_speederC2" parent="." instance=ExtResource( 2 )]
transform = Transform( -0.939693, -0.34202, 8.74228e-08, -0.34202, 0.939693, 0, -8.21505e-08, -2.99004e-08, -1, 3, 4, -6 )

[node name="craft_speederC3" parent="." instance=ExtResource( 2 )]
transform = Transform( -0.866025, 0.5, 8.74228e-08, 0.5, 0.866025, 0, -7.57103e-08, 4.37114e-08, -1, -3, 4, -6 )

[node name="craft_speederC4" parent="." instance=ExtResource( 2 )]
transform = Transform( 0.642788, 0.766044, 8.74228e-08, 0.766044, -0.642788, 0, 5.61943e-08, 6.69697e-08, -1, 0, 6, -8 )

[node name="DirectionalLight" type="DirectionalLight" parent="."]
transform = Transform( 0.939693, 0.116978, -0.321394, 0, 0.939693, 0.34202, 0.34202, -0.321394, 0.883022, 0, 0, 0 )
light_color = Color( 0.94902, 0.717647, 0.494118, 1 )
light_energy = 5.0

[node name="CoverUI" parent="." instance=ExtResource( 1 )]
